(* Content-type: application/vnd.wolfram.mathematica *)

(*** Wolfram Notebook File ***)
(* http://www.wolfram.com/nb *)

(* CreatedBy='Mathematica 10.0' *)

(*CacheID: 234*)
(* Internal cache information:
NotebookFileLineBreakTest
NotebookFileLineBreakTest
NotebookDataPosition[       158,          7]
NotebookDataLength[     59172,       1122]
NotebookOptionsPosition[     58295,       1089]
NotebookOutlinePosition[     58650,       1105]
CellTagsIndexPosition[     58607,       1102]
WindowFrame->Normal*)

(* Beginning of Notebook Content *)
Notebook[{

Cell[CellGroupData[{
Cell[BoxData[
 RowBox[{"Table", "[", "\[IndentingNewLine]", 
  RowBox[{
   RowBox[{"Graphics3D", "[", 
    RowBox[{"With", "[", 
     RowBox[{
      RowBox[{"{", 
       RowBox[{
        RowBox[{"p", "=", 
         RowBox[{"First", "@", "V"}]}], ",", " ", 
        RowBox[{"q", "=", 
         RowBox[{"Last", "@", "V"}]}]}], "}"}], ",", 
      RowBox[{"{", 
       RowBox[{"Red", ",", "Thick", ",", " ", 
        RowBox[{"Line", "[", 
         RowBox[{"{", 
          RowBox[{
           RowBox[{
            RowBox[{"1.5", "p"}], "-", 
            RowBox[{".5", "q"}]}], ",", 
           RowBox[{
            RowBox[{"1.5", "q"}], "-", 
            RowBox[{".5", "p"}]}]}], "}"}], "]"}], ",", "Yellow", ",", 
        RowBox[{"EdgeForm", "[", "]"}], ",", 
        RowBox[{"Table", "[", 
         RowBox[{
          RowBox[{"Rotate", "[", 
           RowBox[{
            RowBox[{"Cuboid", "[", "]"}], ",", 
            RowBox[{"2", "Pi", " ", 
             RowBox[{"k", "/", "20"}]}], ",", 
            RowBox[{"p", "-", "q"}], ",", "q"}], "]"}], ",", 
          RowBox[{"{", 
           RowBox[{"k", ",", "20"}], "}"}]}], "]"}]}], "}"}]}], "]"}], "]"}], 
   ",", 
   RowBox[{"{", 
    RowBox[{"V", ",", 
     RowBox[{"{", 
      RowBox[{
       RowBox[{"{", 
        RowBox[{
         RowBox[{"{", 
          RowBox[{"1", ",", "1", ",", "1"}], "}"}], ",", 
         RowBox[{"{", 
          RowBox[{"0", ",", "0", ",", "0"}], "}"}]}], "}"}], ",", 
       RowBox[{"{", 
        RowBox[{
         RowBox[{"{", 
          RowBox[{"1", ",", ".5", ",", "1"}], "}"}], ",", 
         RowBox[{"{", 
          RowBox[{"0", ",", ".5", ",", "0"}], "}"}]}], "}"}], ",", 
       RowBox[{"{", 
        RowBox[{
         RowBox[{"{", 
          RowBox[{".7", ",", ".7", ",", "1"}], "}"}], ",", 
         RowBox[{"{", 
          RowBox[{".3", ",", ".3", ",", "0"}], "}"}]}], "}"}]}], "}"}]}], 
    "}"}]}], "]"}]], "Input",
 CellChangeTimes->{{3.632779358030065*^9, 3.632779599627214*^9}, 
   3.632779651834629*^9}],

Cell[BoxData[
 RowBox[{"{", 
  RowBox[{
   Graphics3DBox[
    {RGBColor[1, 0, 0], Thickness[Large], 
     Line3DBox[{{1.5, 1.5, 1.5}, {-0.5, -0.5, -0.5}}], 
     {RGBColor[1, 1, 0], EdgeForm[None], 
      GeometricTransformation3DBox[CuboidBox[{0, 0, 0}], 
       NCache[{{{
          Rational[1, 6] (2 + (2 (5 + 5^Rational[1, 2]))^Rational[1, 2]), 
           Rational[1, 12] (4 + 3^Rational[1, 2] - 15^
            Rational[1, 2] - (2 (5 + 5^Rational[1, 2]))^Rational[1, 2]), 
           Rational[1, 12] (4 - 3^Rational[1, 2] + 
            15^Rational[1, 2] - (2 (5 + 5^Rational[1, 2]))^Rational[1, 2])}, {
          Rational[1, 12] (4 - 3^Rational[1, 2] + 
            15^Rational[1, 2] - (2 (5 + 5^Rational[1, 2]))^Rational[1, 2]), 
           Rational[1, 6] (2 + (2 (5 + 5^Rational[1, 2]))^Rational[1, 2]), 
           Rational[1, 12] (4 + 3^Rational[1, 2] - 15^
            Rational[1, 2] - (2 (5 + 5^Rational[1, 2]))^Rational[1, 2])}, {
          Rational[1, 12] (4 + 3^Rational[1, 2] - 15^
            Rational[1, 2] - (2 (5 + 5^Rational[1, 2]))^Rational[1, 2]), 
           Rational[1, 12] (4 - 3^Rational[1, 2] + 
            15^Rational[1, 2] - (2 (5 + 5^Rational[1, 2]))^Rational[1, 2]), 
           Rational[1, 6] (2 + (2 (5 + 5^Rational[1, 2]))^Rational[1, 2])}}, {
         0, 0, 0}}, {{{0.9673710108634357, -0.1620965503182628, 
         0.19472553945482712`}, {0.19472553945482712`, 
         0.9673710108634357, -0.1620965503182628}, {-0.1620965503182628, 
         0.19472553945482712`, 0.9673710108634357}}, {0, 0, 0}}]], 
      GeometricTransformation3DBox[CuboidBox[{0, 0, 0}], 
       NCache[{{{
          Rational[1, 6] (3 + 5^Rational[1, 2]), 
           Rational[1, 12] (3 - 5^Rational[1, 2] - (6 (5 - 5^Rational[1, 2]))^
            Rational[1, 2]), 
           Rational[1, 12] (3 - 5^
            Rational[1, 2] + (6 (5 - 5^Rational[1, 2]))^Rational[1, 2])}, {
          Rational[1, 12] (3 - 5^
            Rational[1, 2] + (6 (5 - 5^Rational[1, 2]))^Rational[1, 2]), 
           Rational[1, 6] (3 + 5^Rational[1, 2]), 
           Rational[1, 12] (3 - 5^Rational[1, 2] - (6 (5 - 5^Rational[1, 2]))^
            Rational[1, 2])}, {
          Rational[1, 12] (3 - 5^Rational[1, 2] - (6 (5 - 5^Rational[1, 2]))^
            Rational[1, 2]), 
           Rational[1, 12] (3 - 5^
            Rational[1, 2] + (6 (5 - 5^Rational[1, 2]))^Rational[1, 2]), 
           Rational[1, 6] (3 + 5^Rational[1, 2])}}, {0, 0, 0}}, {{{
         0.8726779962499649, -0.2756969717617339, 0.4030189755117689}, {
         0.4030189755117689, 
         0.8726779962499649, -0.2756969717617339}, {-0.2756969717617339, 
         0.4030189755117689, 0.8726779962499649}}, {0, 0, 0}}]], 
      GeometricTransformation3DBox[CuboidBox[{0, 0, 0}], 
       NCache[{{{
          Rational[1, 6] (2 + (2 (5 - 5^Rational[1, 2]))^Rational[1, 2]), 
           Rational[1, 12] (4 - 3^Rational[1, 2] - 15^
            Rational[1, 2] - (2 (5 - 5^Rational[1, 2]))^Rational[1, 2]), 
           Rational[1, 12] (4 + 3^Rational[1, 2] + 
            15^Rational[1, 2] - (2 (5 - 5^Rational[1, 2]))^Rational[1, 2])}, {
          Rational[1, 12] (4 + 3^Rational[1, 2] + 
            15^Rational[1, 2] - (2 (5 - 5^Rational[1, 2]))^Rational[1, 2]), 
           Rational[1, 6] (2 + (2 (5 - 5^Rational[1, 2]))^Rational[1, 2]), 
           Rational[1, 12] (4 - 3^Rational[1, 2] - 15^
            Rational[1, 2] - (2 (5 - 5^Rational[1, 2]))^Rational[1, 2])}, {
          Rational[1, 12] (4 - 3^Rational[1, 2] - 15^
            Rational[1, 2] - (2 (5 - 5^Rational[1, 2]))^Rational[1, 2]), 
           Rational[1, 12] (4 + 3^Rational[1, 2] + 
            15^Rational[1, 2] - (2 (5 - 5^Rational[1, 2]))^Rational[1, 2]), 
           Rational[1, 6] (2 + (2 (5 - 5^Rational[1, 2]))^Rational[1, 2])}}, {
         0, 0, 0}}, {{{0.725190168194982, -0.32968126357884886`, 
         0.6044910953838667}, {0.6044910953838667, 
         0.725190168194982, -0.32968126357884886`}, {-0.32968126357884886`, 
         0.6044910953838667, 0.725190168194982}}, {0, 0, 0}}]], 
      GeometricTransformation3DBox[CuboidBox[{0, 0, 0}], 
       NCache[{{{
          Rational[1, 6] (1 + 5^Rational[1, 2]), 
           Rational[1, 12] (5 - 5^Rational[1, 2] - (6 (5 + 5^Rational[1, 2]))^
            Rational[1, 2]), 
           Rational[1, 12] (5 - 5^
            Rational[1, 2] + (6 (5 + 5^Rational[1, 2]))^Rational[1, 2])}, {
          Rational[1, 12] (5 - 5^
            Rational[1, 2] + (6 (5 + 5^Rational[1, 2]))^Rational[1, 2]), 
           Rational[1, 6] (1 + 5^Rational[1, 2]), 
           Rational[1, 12] (5 - 5^Rational[1, 2] - (6 (5 + 5^Rational[1, 2]))^
            Rational[1, 2])}, {
          Rational[1, 12] (5 - 5^Rational[1, 2] - (6 (5 + 5^Rational[1, 2]))^
            Rational[1, 2]), 
           Rational[1, 12] (5 - 5^
            Rational[1, 2] + (6 (5 + 5^Rational[1, 2]))^Rational[1, 2]), 
           Rational[1, 6] (1 + 5^Rational[1, 2])}}, {0, 0, 0}}, {{{
         0.5393446629166316, -0.31876506715587044`, 0.7794204042392388}, {
         0.7794204042392388, 
         0.5393446629166316, -0.31876506715587044`}, {-0.31876506715587044`, 
         0.7794204042392388, 0.5393446629166316}}, {0, 0, 0}}]], 
      GeometricTransformation3DBox[CuboidBox[{0, 0, 0}], 
       NCache[{{{
          Rational[1, 3], Rational[1, 3] (1 - 3^Rational[1, 2]), 
           Rational[1, 3] (1 + 3^Rational[1, 2])}, {
          Rational[1, 3] (1 + 3^Rational[1, 2]), Rational[1, 3], 
           Rational[1, 3] (1 - 3^Rational[1, 2])}, {
          Rational[1, 3] (1 - 3^Rational[1, 2]), 
           Rational[1, 3] (1 + 3^Rational[1, 2]), Rational[1, 3]}}, {0, 0, 
         0}}, {{{0.3333333333333333, -0.2440169358562924, 
         0.910683602522959}, {0.910683602522959, 
         0.3333333333333333, -0.2440169358562924}, {-0.2440169358562924, 
         0.910683602522959, 0.3333333333333333}}, {0, 0, 0}}]], 
      GeometricTransformation3DBox[CuboidBox[{0, 0, 0}], 
       NCache[{{{
          Rational[1, 6] (3 - 5^Rational[1, 2]), 
           Rational[1, 12] (3 + 5^Rational[1, 2] - (6 (5 + 5^Rational[1, 2]))^
            Rational[1, 2]), 
           Rational[1, 12] (3 + 
            5^Rational[1, 2] + (6 (5 + 5^Rational[1, 2]))^Rational[1, 2])}, {
          Rational[1, 12] (3 + 
            5^Rational[1, 2] + (6 (5 + 5^Rational[1, 2]))^Rational[1, 2]), 
           Rational[1, 6] (3 - 5^Rational[1, 2]), 
           Rational[1, 12] (3 + 5^Rational[1, 2] - (6 (5 + 5^Rational[1, 2]))^
            Rational[1, 2])}, {
          Rational[1, 12] (3 + 5^Rational[1, 2] - (6 (5 + 5^Rational[1, 2]))^
            Rational[1, 2]), 
           Rational[1, 12] (3 + 
            5^Rational[1, 2] + (6 (5 + 5^Rational[1, 2]))^Rational[1, 2]), 
           Rational[1, 6] (3 - 5^Rational[1, 2])}}, {0, 0, 0}}, {{{
         0.12732200375003502`, -0.11275373757257215`, 0.9854317338225371}, {
         0.9854317338225371, 
         0.12732200375003502`, -0.11275373757257215`}, {-0.11275373757257215`,
          0.9854317338225371, 0.12732200375003502`}}, {0, 0, 0}}]], 
      GeometricTransformation3DBox[CuboidBox[{0, 0, 0}], 
       NCache[{{{
          Rational[1, 6] (2 - (2 (5 - 5^Rational[1, 2]))^Rational[1, 2]), 
           Rational[1, 12] (4 - 3^Rational[1, 2] - 15^
            Rational[1, 2] + (2 (5 - 5^Rational[1, 2]))^Rational[1, 2]), 
           Rational[1, 12] (4 + 3^Rational[1, 2] + 
            15^Rational[1, 2] + (2 (5 - 5^Rational[1, 2]))^Rational[1, 2])}, {
          Rational[1, 12] (4 + 3^Rational[1, 2] + 
            15^Rational[1, 2] + (2 (5 - 5^Rational[1, 2]))^Rational[1, 2]), 
           Rational[1, 6] (2 - (2 (5 - 5^Rational[1, 2]))^Rational[1, 2]), 
           Rational[1, 12] (4 - 3^Rational[1, 2] - 15^
            Rational[1, 2] + (2 (5 - 5^Rational[1, 2]))^Rational[1, 2])}, {
          Rational[1, 12] (4 - 3^Rational[1, 2] - 15^
            Rational[1, 2] + (2 (5 - 5^Rational[1, 2]))^Rational[1, 2]), 
           Rational[1, 12] (4 + 3^Rational[1, 2] + 
            15^Rational[1, 2] + (2 (5 - 5^Rational[1, 2]))^Rational[1, 2]), 
           Rational[1, 6] (2 - (2 (5 - 5^Rational[1, 2]))^Rational[1, 2])}}, {
         0, 0, 0}}, {{{-0.058523501528315425`, 0.06217557128279986, 
         0.9963479302455155}, {0.9963479302455155, -0.058523501528315425`, 
         0.06217557128279986}, {0.06217557128279986, 
         0.9963479302455155, -0.058523501528315425`}}, {0, 0, 0}}]], 
      GeometricTransformation3DBox[CuboidBox[{0, 0, 0}], 
       NCache[{{{
          Rational[1, 6] (1 - 5^Rational[1, 2]), 
           Rational[1, 12] (5 + 5^Rational[1, 2] - (6 (5 - 5^Rational[1, 2]))^
            Rational[1, 2]), 
           Rational[1, 12] (5 + 
            5^Rational[1, 2] + (6 (5 - 5^Rational[1, 2]))^Rational[1, 2])}, {
          Rational[1, 12] (5 + 
            5^Rational[1, 2] + (6 (5 - 5^Rational[1, 2]))^Rational[1, 2]), 
           Rational[1, 6] (1 - 5^Rational[1, 2]), 
           Rational[1, 12] (5 + 5^Rational[1, 2] - (6 (5 - 5^Rational[1, 2]))^
            Rational[1, 2])}, {
          Rational[1, 12] (5 + 5^Rational[1, 2] - (6 (5 - 5^Rational[1, 2]))^
            Rational[1, 2]), 
           Rational[1, 12] (5 + 
            5^Rational[1, 2] + (6 (5 - 5^Rational[1, 2]))^Rational[1, 2]), 
           Rational[1, 6] (1 - 5^Rational[1, 2])}}, {0, 0, 
         0}}, {{{-0.2060113295832983, 0.2636476911548977, 
         0.9423636384284004}, {0.9423636384284004, -0.2060113295832983, 
         0.2636476911548977}, {0.2636476911548977, 
         0.9423636384284004, -0.2060113295832983}}, {0, 0, 0}}]], 
      GeometricTransformation3DBox[CuboidBox[{0, 0, 0}], 
       NCache[{{{
          Rational[1, 6] (2 - (2 (5 + 5^Rational[1, 2]))^Rational[1, 2]), 
           Rational[1, 12] (4 + 3^Rational[1, 2] - 15^
            Rational[1, 2] + (2 (5 + 5^Rational[1, 2]))^Rational[1, 2]), 
           Rational[1, 12] (4 - 3^Rational[1, 2] + 
            15^Rational[1, 2] + (2 (5 + 5^Rational[1, 2]))^Rational[1, 2])}, {
          Rational[1, 12] (4 - 3^Rational[1, 2] + 
            15^Rational[1, 2] + (2 (5 + 5^Rational[1, 2]))^Rational[1, 2]), 
           Rational[1, 6] (2 - (2 (5 + 5^Rational[1, 2]))^Rational[1, 2]), 
           Rational[1, 12] (4 + 3^Rational[1, 2] - 15^
            Rational[1, 2] + (2 (5 + 5^Rational[1, 2]))^Rational[1, 2])}, {
          Rational[1, 12] (4 + 3^Rational[1, 2] - 15^
            Rational[1, 2] + (2 (5 + 5^Rational[1, 2]))^Rational[1, 2]), 
           Rational[1, 12] (4 - 3^Rational[1, 2] + 
            15^Rational[1, 2] + (2 (5 + 5^Rational[1, 2]))^Rational[1, 2]), 
           Rational[1, 6] (2 - (2 (5 + 5^Rational[1, 2]))^Rational[1, 2])}}, {
         0, 0, 0}}, {{{-0.300704344196769, 0.47194112721183945`, 
         0.8287632169849295}, {0.8287632169849295, -0.300704344196769, 
         0.47194112721183945`}, {0.47194112721183945`, 
         0.8287632169849295, -0.300704344196769}}, {0, 0, 0}}]], 
      GeometricTransformation3DBox[CuboidBox[{0, 0, 0}], 
       NCache[{{{Rational[-1, 3], Rational[2, 3], Rational[2, 3]}, {
          Rational[2, 3], Rational[-1, 3], Rational[2, 3]}, {
          Rational[2, 3], Rational[2, 3], Rational[-1, 3]}}, {0, 0, 
         0}}, {{{-0.3333333333333333, 0.6666666666666666, 
         0.6666666666666666}, {0.6666666666666666, -0.3333333333333333, 
         0.6666666666666666}, {0.6666666666666666, 
         0.6666666666666666, -0.3333333333333333}}, {0, 0, 0}}]], 
      GeometricTransformation3DBox[CuboidBox[{0, 0, 0}], 
       NCache[{{{
          Rational[1, 6] (2 - (2 (5 + 5^Rational[1, 2]))^Rational[1, 2]), 
           Rational[1, 12] (4 - 3^Rational[1, 2] + 
            15^Rational[1, 2] + (2 (5 + 5^Rational[1, 2]))^Rational[1, 2]), 
           Rational[1, 12] (4 + 3^Rational[1, 2] - 15^
            Rational[1, 2] + (2 (5 + 5^Rational[1, 2]))^Rational[1, 2])}, {
          Rational[1, 12] (4 + 3^Rational[1, 2] - 15^
            Rational[1, 2] + (2 (5 + 5^Rational[1, 2]))^Rational[1, 2]), 
           Rational[1, 6] (2 - (2 (5 + 5^Rational[1, 2]))^Rational[1, 2]), 
           Rational[1, 12] (4 - 3^Rational[1, 2] + 
            15^Rational[1, 2] + (2 (5 + 5^Rational[1, 2]))^Rational[1, 2])}, {
          Rational[1, 12] (4 - 3^Rational[1, 2] + 
            15^Rational[1, 2] + (2 (5 + 5^Rational[1, 2]))^Rational[1, 2]), 
           Rational[1, 12] (4 + 3^Rational[1, 2] - 15^
            Rational[1, 2] + (2 (5 + 5^Rational[1, 2]))^Rational[1, 2]), 
           Rational[1, 6] (2 - (2 (5 + 5^Rational[1, 2]))^Rational[1, 2])}}, {
         0, 0, 0}}, {{{-0.300704344196769, 0.8287632169849295, 
         0.47194112721183945`}, {0.47194112721183945`, -0.300704344196769, 
         0.8287632169849295}, {0.8287632169849295, 
         0.47194112721183945`, -0.300704344196769}}, {0, 0, 0}}]], 
      GeometricTransformation3DBox[CuboidBox[{0, 0, 0}], 
       NCache[{{{
          Rational[1, 6] (1 - 5^Rational[1, 2]), 
           Rational[1, 12] (5 + 
            5^Rational[1, 2] + (6 (5 - 5^Rational[1, 2]))^Rational[1, 2]), 
           Rational[1, 12] (5 + 5^Rational[1, 2] - (6 (5 - 5^Rational[1, 2]))^
            Rational[1, 2])}, {
          Rational[1, 12] (5 + 5^Rational[1, 2] - (6 (5 - 5^Rational[1, 2]))^
            Rational[1, 2]), Rational[1, 6] (1 - 5^Rational[1, 2]), 
           Rational[1, 12] (5 + 
            5^Rational[1, 2] + (6 (5 - 5^Rational[1, 2]))^Rational[1, 2])}, {
          Rational[1, 12] (5 + 
            5^Rational[1, 2] + (6 (5 - 5^Rational[1, 2]))^Rational[1, 2]), 
           Rational[1, 12] (5 + 5^Rational[1, 2] - (6 (5 - 5^Rational[1, 2]))^
            Rational[1, 2]), Rational[1, 6] (1 - 5^Rational[1, 2])}}, {0, 0, 
         0}}, {{{-0.2060113295832983, 0.9423636384284004, 
         0.2636476911548977}, {0.2636476911548977, -0.2060113295832983, 
         0.9423636384284004}, {0.9423636384284004, 
         0.2636476911548977, -0.2060113295832983}}, {0, 0, 0}}]], 
      GeometricTransformation3DBox[CuboidBox[{0, 0, 0}], 
       NCache[{{{
          Rational[1, 6] (2 - (2 (5 - 5^Rational[1, 2]))^Rational[1, 2]), 
           Rational[1, 12] (4 + 3^Rational[1, 2] + 
            15^Rational[1, 2] + (2 (5 - 5^Rational[1, 2]))^Rational[1, 2]), 
           Rational[1, 12] (4 - 3^Rational[1, 2] - 15^
            Rational[1, 2] + (2 (5 - 5^Rational[1, 2]))^Rational[1, 2])}, {
          Rational[1, 12] (4 - 3^Rational[1, 2] - 15^
            Rational[1, 2] + (2 (5 - 5^Rational[1, 2]))^Rational[1, 2]), 
           Rational[1, 6] (2 - (2 (5 - 5^Rational[1, 2]))^Rational[1, 2]), 
           Rational[1, 12] (4 + 3^Rational[1, 2] + 
            15^Rational[1, 2] + (2 (5 - 5^Rational[1, 2]))^Rational[1, 2])}, {
          Rational[1, 12] (4 + 3^Rational[1, 2] + 
            15^Rational[1, 2] + (2 (5 - 5^Rational[1, 2]))^Rational[1, 2]), 
           Rational[1, 12] (4 - 3^Rational[1, 2] - 15^
            Rational[1, 2] + (2 (5 - 5^Rational[1, 2]))^Rational[1, 2]), 
           Rational[1, 6] (2 - (2 (5 - 5^Rational[1, 2]))^Rational[1, 2])}}, {
         0, 0, 0}}, {{{-0.058523501528315425`, 0.9963479302455155, 
         0.06217557128279986}, {0.06217557128279986, -0.058523501528315425`, 
         0.9963479302455155}, {0.9963479302455155, 
         0.06217557128279986, -0.058523501528315425`}}, {0, 0, 0}}]], 
      GeometricTransformation3DBox[CuboidBox[{0, 0, 0}], 
       NCache[{{{
          Rational[1, 6] (3 - 5^Rational[1, 2]), 
           Rational[1, 12] (3 + 
            5^Rational[1, 2] + (6 (5 + 5^Rational[1, 2]))^Rational[1, 2]), 
           Rational[1, 12] (3 + 5^Rational[1, 2] - (6 (5 + 5^Rational[1, 2]))^
            Rational[1, 2])}, {
          Rational[1, 12] (3 + 5^Rational[1, 2] - (6 (5 + 5^Rational[1, 2]))^
            Rational[1, 2]), Rational[1, 6] (3 - 5^Rational[1, 2]), 
           Rational[1, 12] (3 + 
            5^Rational[1, 2] + (6 (5 + 5^Rational[1, 2]))^Rational[1, 2])}, {
          Rational[1, 12] (3 + 
            5^Rational[1, 2] + (6 (5 + 5^Rational[1, 2]))^Rational[1, 2]), 
           Rational[1, 12] (3 + 5^Rational[1, 2] - (6 (5 + 5^Rational[1, 2]))^
            Rational[1, 2]), Rational[1, 6] (3 - 5^Rational[1, 2])}}, {0, 0, 
         0}}, {{{0.12732200375003502`, 
         0.9854317338225371, -0.11275373757257215`}, {-0.11275373757257215`, 
         0.12732200375003502`, 0.9854317338225371}, {
         0.9854317338225371, -0.11275373757257215`, 0.12732200375003502`}}, {
         0, 0, 0}}]], 
      GeometricTransformation3DBox[CuboidBox[{0, 0, 0}], 
       NCache[{{{
          Rational[1, 3], Rational[1, 3] (1 + 3^Rational[1, 2]), 
           Rational[1, 3] (1 - 3^Rational[1, 2])}, {
          Rational[1, 3] (1 - 3^Rational[1, 2]), Rational[1, 3], 
           Rational[1, 3] (1 + 3^Rational[1, 2])}, {
          Rational[1, 3] (1 + 3^Rational[1, 2]), 
           Rational[1, 3] (1 - 3^Rational[1, 2]), Rational[1, 3]}}, {0, 0, 
         0}}, {{{0.3333333333333333, 
         0.910683602522959, -0.2440169358562924}, {-0.2440169358562924, 
         0.3333333333333333, 0.910683602522959}, {
         0.910683602522959, -0.2440169358562924, 0.3333333333333333}}, {0, 0, 
         0}}]], GeometricTransformation3DBox[CuboidBox[{0, 0, 0}], 
       NCache[{{{
          Rational[1, 6] (1 + 5^Rational[1, 2]), 
           Rational[1, 12] (5 - 5^
            Rational[1, 2] + (6 (5 + 5^Rational[1, 2]))^Rational[1, 2]), 
           Rational[1, 12] (5 - 5^Rational[1, 2] - (6 (5 + 5^Rational[1, 2]))^
            Rational[1, 2])}, {
          Rational[1, 12] (5 - 5^Rational[1, 2] - (6 (5 + 5^Rational[1, 2]))^
            Rational[1, 2]), Rational[1, 6] (1 + 5^Rational[1, 2]), 
           Rational[1, 12] (5 - 5^
            Rational[1, 2] + (6 (5 + 5^Rational[1, 2]))^Rational[1, 2])}, {
          Rational[1, 12] (5 - 5^
            Rational[1, 2] + (6 (5 + 5^Rational[1, 2]))^Rational[1, 2]), 
           Rational[1, 12] (5 - 5^Rational[1, 2] - (6 (5 + 5^Rational[1, 2]))^
            Rational[1, 2]), Rational[1, 6] (1 + 5^Rational[1, 2])}}, {0, 0, 
         0}}, {{{0.5393446629166316, 
         0.7794204042392388, -0.31876506715587044`}, {-0.31876506715587044`, 
         0.5393446629166316, 0.7794204042392388}, {
         0.7794204042392388, -0.31876506715587044`, 0.5393446629166316}}, {0, 
         0, 0}}]], 
      GeometricTransformation3DBox[CuboidBox[{0, 0, 0}], 
       NCache[{{{
          Rational[1, 6] (2 + (2 (5 - 5^Rational[1, 2]))^Rational[1, 2]), 
           Rational[1, 12] (4 + 3^Rational[1, 2] + 
            15^Rational[1, 2] - (2 (5 - 5^Rational[1, 2]))^Rational[1, 2]), 
           Rational[1, 12] (4 - 3^Rational[1, 2] - 15^
            Rational[1, 2] - (2 (5 - 5^Rational[1, 2]))^Rational[1, 2])}, {
          Rational[1, 12] (4 - 3^Rational[1, 2] - 15^
            Rational[1, 2] - (2 (5 - 5^Rational[1, 2]))^Rational[1, 2]), 
           Rational[1, 6] (2 + (2 (5 - 5^Rational[1, 2]))^Rational[1, 2]), 
           Rational[1, 12] (4 + 3^Rational[1, 2] + 
            15^Rational[1, 2] - (2 (5 - 5^Rational[1, 2]))^Rational[1, 2])}, {
          Rational[1, 12] (4 + 3^Rational[1, 2] + 
            15^Rational[1, 2] - (2 (5 - 5^Rational[1, 2]))^Rational[1, 2]), 
           Rational[1, 12] (4 - 3^Rational[1, 2] - 15^
            Rational[1, 2] - (2 (5 - 5^Rational[1, 2]))^Rational[1, 2]), 
           Rational[1, 6] (2 + (2 (5 - 5^Rational[1, 2]))^Rational[1, 2])}}, {
         0, 0, 0}}, {{{0.725190168194982, 
         0.6044910953838667, -0.32968126357884886`}, {-0.32968126357884886`, 
         0.725190168194982, 0.6044910953838667}, {
         0.6044910953838667, -0.32968126357884886`, 0.725190168194982}}, {0, 
         0, 0}}]], 
      GeometricTransformation3DBox[CuboidBox[{0, 0, 0}], 
       NCache[{{{
          Rational[1, 6] (3 + 5^Rational[1, 2]), 
           Rational[1, 12] (3 - 5^
            Rational[1, 2] + (6 (5 - 5^Rational[1, 2]))^Rational[1, 2]), 
           Rational[1, 12] (3 - 5^Rational[1, 2] - (6 (5 - 5^Rational[1, 2]))^
            Rational[1, 2])}, {
          Rational[1, 12] (3 - 5^Rational[1, 2] - (6 (5 - 5^Rational[1, 2]))^
            Rational[1, 2]), Rational[1, 6] (3 + 5^Rational[1, 2]), 
           Rational[1, 12] (3 - 5^
            Rational[1, 2] + (6 (5 - 5^Rational[1, 2]))^Rational[1, 2])}, {
          Rational[1, 12] (3 - 5^
            Rational[1, 2] + (6 (5 - 5^Rational[1, 2]))^Rational[1, 2]), 
           Rational[1, 12] (3 - 5^Rational[1, 2] - (6 (5 - 5^Rational[1, 2]))^
            Rational[1, 2]), Rational[1, 6] (3 + 5^Rational[1, 2])}}, {0, 0, 
         0}}, {{{0.8726779962499649, 
         0.4030189755117689, -0.2756969717617339}, {-0.2756969717617339, 
         0.8726779962499649, 0.4030189755117689}, {
         0.4030189755117689, -0.2756969717617339, 0.8726779962499649}}, {0, 0,
          0}}]], GeometricTransformation3DBox[CuboidBox[{0, 0, 0}], 
       NCache[{{{
          Rational[1, 6] (2 + (2 (5 + 5^Rational[1, 2]))^Rational[1, 2]), 
           Rational[1, 12] (4 - 3^Rational[1, 2] + 
            15^Rational[1, 2] - (2 (5 + 5^Rational[1, 2]))^Rational[1, 2]), 
           Rational[1, 12] (4 + 3^Rational[1, 2] - 15^
            Rational[1, 2] - (2 (5 + 5^Rational[1, 2]))^Rational[1, 2])}, {
          Rational[1, 12] (4 + 3^Rational[1, 2] - 15^
            Rational[1, 2] - (2 (5 + 5^Rational[1, 2]))^Rational[1, 2]), 
           Rational[1, 6] (2 + (2 (5 + 5^Rational[1, 2]))^Rational[1, 2]), 
           Rational[1, 12] (4 - 3^Rational[1, 2] + 
            15^Rational[1, 2] - (2 (5 + 5^Rational[1, 2]))^Rational[1, 2])}, {
          Rational[1, 12] (4 - 3^Rational[1, 2] + 
            15^Rational[1, 2] - (2 (5 + 5^Rational[1, 2]))^Rational[1, 2]), 
           Rational[1, 12] (4 + 3^Rational[1, 2] - 15^
            Rational[1, 2] - (2 (5 + 5^Rational[1, 2]))^Rational[1, 2]), 
           Rational[1, 6] (2 + (2 (5 + 5^Rational[1, 2]))^Rational[1, 2])}}, {
         0, 0, 0}}, {{{0.9673710108634357, 
         0.19472553945482712`, -0.1620965503182628}, {-0.1620965503182628, 
         0.9673710108634357, 0.19472553945482712`}, {
         0.19472553945482712`, -0.1620965503182628, 0.9673710108634357}}, {0, 
         0, 0}}]], 
      GeometricTransformation3DBox[
       CuboidBox[{0, 0, 0}], {{{1, 0, 0}, {0, 1, 0}, {0, 0, 1}}, {0, 0, 0}}]}},
    AutomaticImageSize->True,
    ImageSize->{202.31165391263613`, 185.73612041395126`},
    ViewPoint->{1.2999999999999996`, -2.4, 2.},
    ViewVertical->{
     0.9169682942502755, -0.39315433199816285`, -0.06781458966047427}], ",", 
   Graphics3DBox[
    {RGBColor[1, 0, 0], Thickness[Large], 
     Line3DBox[{{1.5, 0.5, 1.5}, {-0.5, 0.5, -0.5}}], 
     {RGBColor[1, 1, 0], EdgeForm[None], 
      GeometricTransformation3DBox[
       CuboidBox[{0, 0, 0}], {{{0.9755282581475766, -0.21850801222441055`, 
        0.02447174185242318}, {0.21850801222441055`, 
        0.9510565162951535, -0.21850801222441055`}, {0.02447174185242318, 
        0.21850801222441055`, 0.9755282581475766}}, {0.10925400611220527`, 
        0.024471741852423234`, -0.10925400611220527`}}], 
      GeometricTransformation3DBox[
       CuboidBox[{0, 0, 0}], {{{0.9045084971874735, -0.4156269377774534, 
        0.09549150281252622}, {0.4156269377774534, 
        0.8090169943749475, -0.4156269377774534}, {0.09549150281252622, 
        0.4156269377774534, 0.9045084971874735}}, {0.2078134688887267, 
        0.09549150281252627, -0.2078134688887267}}], 
      GeometricTransformation3DBox[
       CuboidBox[{0, 0, 0}], {{{0.7938926261462365, -0.5720614028176843, 
        0.20610737385376338`}, {0.5720614028176843, 
        0.5877852522924731, -0.5720614028176843}, {0.20610737385376338`, 
        0.5720614028176843, 0.7938926261462365}}, {0.2860307014088421, 
        0.20610737385376343`, -0.2860307014088421}}], 
      GeometricTransformation3DBox[
       CuboidBox[{0, 0, 0}], {{{0.6545084971874736, -0.6724985119639573, 
        0.34549150281252616`}, {0.6724985119639573, 
        0.30901699437494745`, -0.6724985119639573}, {0.34549150281252616`, 
        0.6724985119639573, 0.6545084971874736}}, {0.33624925598197863`, 
        0.3454915028125263, -0.33624925598197863`}}], 
      GeometricTransformation3DBox[
       CuboidBox[{0, 0, 0}], {{{0.4999999999999999, -0.7071067811865475, 
        0.4999999999999999}, {0.7071067811865475, 0., -0.7071067811865475}, {
        0.4999999999999999, 0.7071067811865475, 0.4999999999999999}}, {
        0.35355339059327373`, 0.5, -0.35355339059327373`}}], 
      GeometricTransformation3DBox[
       CuboidBox[{0, 0, 0}], {{{0.34549150281252616`, -0.6724985119639573, 
        0.6545084971874736}, {
        0.6724985119639573, -0.30901699437494745`, -0.6724985119639573}, {
        0.6545084971874736, 0.6724985119639573, 0.34549150281252616`}}, {
        0.33624925598197863`, 0.6545084971874737, -0.33624925598197863`}}], 
      GeometricTransformation3DBox[
       CuboidBox[{0, 0, 0}], {{{0.20610737385376338`, -0.5720614028176843, 
        0.7938926261462365}, {
        0.5720614028176843, -0.5877852522924731, -0.5720614028176843}, {
        0.7938926261462365, 0.5720614028176843, 0.20610737385376338`}}, {
        0.2860307014088421, 0.7938926261462366, -0.2860307014088421}}], 
      GeometricTransformation3DBox[
       CuboidBox[{0, 0, 0}], {{{0.09549150281252622, -0.4156269377774534, 
        0.9045084971874735}, {
        0.4156269377774534, -0.8090169943749475, -0.4156269377774534}, {
        0.9045084971874735, 0.4156269377774534, 0.09549150281252622}}, {
        0.2078134688887267, 0.9045084971874737, -0.2078134688887267}}], 
      GeometricTransformation3DBox[
       CuboidBox[{0, 0, 0}], {{{0.02447174185242318, -0.21850801222441055`, 
        0.9755282581475766}, {
        0.21850801222441055`, -0.9510565162951535, -0.21850801222441055`}, {
        0.9755282581475766, 0.21850801222441055`, 0.02447174185242318}}, {
        0.10925400611220527`, 0.9755282581475768, -0.10925400611220527`}}], 
      GeometricTransformation3DBox[
       CuboidBox[{0, 0, 0}], {{{0., 0., 0.9999999999999998}, {0., -1., 0.}, {
        0.9999999999999998, 0., 0.}}, {0., 1., 0.}}], 
      GeometricTransformation3DBox[
       CuboidBox[{0, 0, 0}], {{{0.02447174185242318, 0.21850801222441055`, 
        0.9755282581475766}, {-0.21850801222441055`, -0.9510565162951535, 
        0.21850801222441055`}, {0.9755282581475766, -0.21850801222441055`, 
        0.02447174185242318}}, {-0.10925400611220527`, 0.9755282581475768, 
        0.10925400611220527`}}], 
      GeometricTransformation3DBox[
       CuboidBox[{0, 0, 0}], {{{0.09549150281252622, 0.4156269377774534, 
        0.9045084971874735}, {-0.4156269377774534, -0.8090169943749475, 
        0.4156269377774534}, {0.9045084971874735, -0.4156269377774534, 
        0.09549150281252622}}, {-0.2078134688887267, 0.9045084971874737, 
        0.2078134688887267}}], 
      GeometricTransformation3DBox[
       CuboidBox[{0, 0, 0}], {{{0.20610737385376338`, 0.5720614028176843, 
        0.7938926261462365}, {-0.5720614028176843, -0.5877852522924731, 
        0.5720614028176843}, {0.7938926261462365, -0.5720614028176843, 
        0.20610737385376338`}}, {-0.2860307014088421, 0.7938926261462366, 
        0.2860307014088421}}], 
      GeometricTransformation3DBox[
       CuboidBox[{0, 0, 0}], {{{0.34549150281252616`, 0.6724985119639573, 
        0.6545084971874736}, {-0.6724985119639573, -0.30901699437494745`, 
        0.6724985119639573}, {0.6545084971874736, -0.6724985119639573, 
        0.34549150281252616`}}, {-0.33624925598197863`, 0.6545084971874737, 
        0.33624925598197863`}}], 
      GeometricTransformation3DBox[
       CuboidBox[{0, 0, 0}], {{{0.4999999999999999, 0.7071067811865475, 
        0.4999999999999999}, {-0.7071067811865475, 0., 0.7071067811865475}, {
        0.4999999999999999, -0.7071067811865475, 
        0.4999999999999999}}, {-0.35355339059327373`, 0.5, 
        0.35355339059327373`}}], 
      GeometricTransformation3DBox[
       CuboidBox[{0, 0, 0}], {{{0.6545084971874736, 0.6724985119639573, 
        0.34549150281252616`}, {-0.6724985119639573, 0.30901699437494745`, 
        0.6724985119639573}, {0.34549150281252616`, -0.6724985119639573, 
        0.6545084971874736}}, {-0.33624925598197863`, 0.3454915028125263, 
        0.33624925598197863`}}], 
      GeometricTransformation3DBox[
       CuboidBox[{0, 0, 0}], {{{0.7938926261462365, 0.5720614028176843, 
        0.20610737385376338`}, {-0.5720614028176843, 0.5877852522924731, 
        0.5720614028176843}, {0.20610737385376338`, -0.5720614028176843, 
        0.7938926261462365}}, {-0.2860307014088421, 0.20610737385376343`, 
        0.2860307014088421}}], 
      GeometricTransformation3DBox[
       CuboidBox[{0, 0, 0}], {{{0.9045084971874735, 0.4156269377774534, 
        0.09549150281252622}, {-0.4156269377774534, 0.8090169943749475, 
        0.4156269377774534}, {0.09549150281252622, -0.4156269377774534, 
        0.9045084971874735}}, {-0.2078134688887267, 0.09549150281252627, 
        0.2078134688887267}}], 
      GeometricTransformation3DBox[
       CuboidBox[{0, 0, 0}], {{{0.9755282581475766, 0.21850801222441055`, 
        0.02447174185242318}, {-0.21850801222441055`, 0.9510565162951535, 
        0.21850801222441055`}, {0.02447174185242318, -0.21850801222441055`, 
        0.9755282581475766}}, {-0.10925400611220527`, 0.024471741852423234`, 
        0.10925400611220527`}}], 
      GeometricTransformation3DBox[
       CuboidBox[{0, 0, 0}], {{{0.9999999999999998, 0., 0.}, {0., 1., 0.}, {
        0., 0., 0.9999999999999998}}, {0., 0., 0.}}]}}], ",", 
   Graphics3DBox[
    {RGBColor[1, 0, 0], Thickness[Large], 
     Line3DBox[{{0.8999999999999998, 0.8999999999999998, 1.5}, {
      0.09999999999999998, 0.09999999999999998, -0.5}}], 
     {RGBColor[1, 1, 0], EdgeForm[None], 
      GeometricTransformation3DBox[
       CuboidBox[{0, 0, 0}], {{{0.9569890597745285, -0.2630322266769544, 
        0.12241726676097026`}, {0.27489731363570463`, 
        0.9569890597745287, -0.09275454936409344}, {-0.09275454936409333, 
        0.1224172667609702, 0.9881349130412492}}, {
        0.09181295007072779, -0.06956591202307005, -0.00889881521906306}}], 
      GeometricTransformation3DBox[
       CuboidBox[{0, 0, 0}], {{{0.8321664496022263, -0.488451939394732, 
        0.26251419591700215`}, {0.5347508498492898, 
        0.8321664496022265, -0.14676691978060663`}, {-0.14676691978060652`, 
        0.26251419591700215`, 0.9537010895454417}}, {
        0.1968856469377517, -0.11007518983545489`, -0.03472418284091869}}], 
      GeometricTransformation3DBox[
       CuboidBox[{0, 0, 0}], {{{0.6377506762570215, -0.6541934860810255, 
        0.4065771239296013}, {0.7541243340101227, 
        0.6377506762570218, -0.15675000410685785`}, {-0.1567500041068578, 
        0.40657712392960144`, 0.9000691520709025}}, {
        0.3049328429472012, -0.11756250308014332`, -0.07494813594682309}}], 
      GeometricTransformation3DBox[
       CuboidBox[{0, 0, 0}], {{{0.392772510208287, -0.7440329293569217, 
        0.5405041676594536}, {0.9115439610236009, 
        0.3927725102082871, -0.1217265884927553}, {-0.1217265884927552, 
        0.5405041676594537, 0.8324889683333205}}, {
        0.40537812574459037`, -0.0912949413695664, -0.12563327375000954`}}], 
      GeometricTransformation3DBox[
       CuboidBox[{0, 0, 0}], {{{0.12121212121212116`, -0.7491761585663679, 
        0.6511856149416986}, {0.9916004009906101, 
        0.12121212121212116`, -0.045125008881092665`}, \
{-0.045125008881092554`, 0.6511856149416986, 0.7575757575757576}}, {
        0.488389211206274, -0.033843756660819346`, -0.1818181818181818}}], 
      GeometricTransformation3DBox[
       CuboidBox[{0, 0, 0}], {{{-0.15034826778404464`, -0.6691197185993585, 
        0.7277871945533612}, {0.9864571717811639, -0.1503482677840448, 
        0.06555643840115222}, {0.06555643840115227, 0.7277871945533613, 
        0.6826625468181946}}, {0.5458403959150209, 
        0.04916732880086433, -0.23800308988635405`}}], 
      GeometricTransformation3DBox[
       CuboidBox[{0, 0, 0}], {{{-0.39532643383277927`, -0.5117000915858803, 
        0.7628106101674637}, {0.8966177285052679, -0.3953264338327795, 
        0.19948348213100453`}, {0.19948348213100453`, 0.7628106101674639, 
        0.6150823630806126}}, {0.5721079576255979, 
        0.14961261159825345`, -0.2886882276895405}}], 
      GeometricTransformation3DBox[
       CuboidBox[{0, 0, 0}], {{{-0.5897422071779839, -0.29232660742504746`, 
        0.7528275258412125}, {0.7308761818189744, -0.5897422071779843, 
        0.3435464101436038}, {0.3435464101436038, 0.7528275258412126, 
        0.5614504256060734}}, {0.5646206443809094, 
        0.25765980760770296`, -0.32891218079544493`}}], 
      GeometricTransformation3DBox[
       CuboidBox[{0, 0, 0}], {{{-0.7145648173502861, -0.03247307121146234, 
        0.6988151554246993}, {0.5054564691011967, -0.7145648173502865, 
        0.48364333929963577`}, {0.4836433392996357, 0.6988151554246994, 
        0.5270166021102659}}, {0.5241113665685245, 
        0.36273250447472694`, -0.35473754841730054`}}], 
      GeometricTransformation3DBox[
       CuboidBox[{0, 0, 0}], {{{-0.7575757575757573, 0.24242424242424254`, 
        0.6060606060606057}, {0.24242424242424254`, -0.7575757575757578, 
        0.606060606060606}, {0.6060606060606057, 0.606060606060606, 
        0.5151515151515152}}, {0.4545454545454544, 
        0.45454545454545453`, -0.36363636363636354`}}], 
      GeometricTransformation3DBox[
       CuboidBox[{0, 0, 0}], {{{-0.7145648173502861, 0.5054564691011967, 
        0.4836433392996357}, {-0.03247307121146231, -0.7145648173502865, 
        0.6988151554246994}, {0.6988151554246993, 0.48364333929963577`, 
        0.5270166021102659}}, {0.3627325044747268, 
        0.5241113665685246, -0.35473754841730054`}}], 
      GeometricTransformation3DBox[
       CuboidBox[{0, 0, 0}], {{{-0.5897422071779839, 0.7308761818189744, 
        0.3435464101436038}, {-0.29232660742504746`, -0.5897422071779843, 
        0.7528275258412126}, {0.7528275258412125, 0.3435464101436038, 
        0.5614504256060734}}, {0.25765980760770285`, 
        0.5646206443809094, -0.3289121807954449}}], 
      GeometricTransformation3DBox[
       CuboidBox[{0, 0, 0}], {{{-0.39532643383277927`, 0.8966177285052677, 
        0.1994834821310046}, {-0.5117000915858803, -0.3953264338327795, 
        0.7628106101674639}, {0.7628106101674638, 0.19948348213100453`, 
        0.6150823630806126}}, {0.14961261159825345`, 
        0.5721079576255979, -0.2886882276895405}}], 
      GeometricTransformation3DBox[
       CuboidBox[{0, 0, 0}], {{{-0.1503482677840447, 0.9864571717811639, 
        0.06555643840115233}, {-0.6691197185993585, -0.15034826778404475`, 
        0.7277871945533613}, {0.7277871945533612, 0.06555643840115222, 
        0.6826625468181946}}, {0.049167328800864274`, 
        0.545840395915021, -0.238003089886354}}], 
      GeometricTransformation3DBox[
       CuboidBox[{0, 0, 0}], {{{0.12121212121212116`, 
        0.9916004009906101, -0.045125008881092554`}, {-0.7491761585663679, 
        0.12121212121212116`, 0.6511856149416986}, {
        0.6511856149416986, -0.045125008881092665`, 
        0.7575757575757576}}, {-0.033843756660819346`, 
        0.488389211206274, -0.18181818181818177`}}], 
      GeometricTransformation3DBox[
       CuboidBox[{0, 0, 0}], {{{0.39277251020828696`, 
        0.9115439610236009, -0.12172658849275514`}, {-0.7440329293569217, 
        0.39277251020828713`, 0.5405041676594537}, {
        0.5405041676594537, -0.1217265884927553, 
        0.8324889683333205}}, {-0.09129494136956634, 
        0.4053781257445903, -0.12563327375000952`}}], 
      GeometricTransformation3DBox[
       CuboidBox[{0, 0, 0}], {{{0.6377506762570215, 
        0.7541243340101225, -0.15675000410685774`}, {-0.6541934860810255, 
        0.6377506762570218, 0.40657712392960144`}, {
        0.40657712392960144`, -0.1567500041068579, 
        0.9000691520709025}}, {-0.11756250308014321`, 
        0.30493284294720113`, -0.07494813594682305}}], 
      GeometricTransformation3DBox[
       CuboidBox[{0, 0, 0}], {{{0.8321664496022263, 
        0.5347508498492898, -0.14676691978060652`}, {-0.488451939394732, 
        0.8321664496022265, 0.26251419591700215`}, {
        0.26251419591700215`, -0.14676691978060663`, 
        0.9537010895454417}}, {-0.11007518983545483`, 
        0.19688564693775165`, -0.03472418284091865}}], 
      GeometricTransformation3DBox[
       CuboidBox[{0, 0, 0}], {{{0.9569890597745283, 
        0.2748973136357047, -0.09275454936409333}, {-0.2630322266769544, 
        0.9569890597745287, 0.12241726676097017`}, {
        0.12241726676097026`, -0.09275454936409344, 
        0.9881349130412492}}, {-0.06956591202306989, 
        0.09181295007072768, -0.008898815219063043}}], 
      GeometricTransformation3DBox[
       CuboidBox[{0, 0, 0}], {{{0.9999999999999996, -2.3592239273284576`*^-16,
         1.6653345369377348`*^-16}, {-2.3592239273284576`*^-16, 1., 
        5.551115123125783*^-17}, {1.6653345369377348`*^-16, 
        5.551115123125783*^-17, 0.9999999999999999}}, {
        1.6653345369377348`*^-16, 
        5.551115123125783*^-17, -6.661338147750939*^-17}}]}}]}], 
  "}"}]], "Output",
 CellChangeTimes->{3.63277965487775*^9}]
}, Open  ]],

Cell[BoxData[
 RowBox[{"Table", "[", "\[IndentingNewLine]", 
  RowBox[{
   RowBox[{"Graphics3D", "[", 
    RowBox[{"With", "[", 
     RowBox[{
      RowBox[{"{", 
       RowBox[{
        RowBox[{"p", "=", 
         RowBox[{"First", "@", "V"}]}], ",", " ", 
        RowBox[{"q", "=", 
         RowBox[{"Last", "@", "V"}]}]}], "}"}], ",", 
